********************************************************************************
XSTREME - Motif Discovery and Enrichment Analysis
********************************************************************************
MEME version 5.5.7 (Wed Jun 19 13:59:04 2024 -0700)

For further information on how to interpret these results please access https://meme-suite.org/meme.
To get a copy of the MEME Suite software please access https://meme-suite.org.

********************************************************************************


********************************************************************************
REFERENCE
********************************************************************************
If you use this program in your research, please cite:

Charles E. Grant and Timothy L. Bailey, "XSTREME: comprehensive motif analysis of biological sequence datasets",
BioRxiv, September 3, 2021.
********************************************************************************


ALPHABET= ACGT

strands: + -

Background letter frequencies (from file `./background'):
A 0.31520 C 0.18480 G 0.18480 T 0.31520 

MOTIF 4-AGTACGTCTGGC STREME-4

letter-probability matrix: alength= 4 w= 12 nsites= 21 E= 4.0e+000
  0.963797	  0.000376	  0.000376	  0.035450	
  0.035450	  0.035185	  0.893915	  0.035450	
  0.070259	  0.000376	  0.000376	  0.928989	
  0.859246	  0.000376	  0.104927	  0.035450	
  0.000642	  0.963531	  0.000376	  0.035450	
  0.000642	  0.000376	  0.893873	  0.105109	
  0.000642	  0.000376	  0.035185	  0.963797	
  0.140001	  0.684940	  0.104801	  0.070259	
  0.000642	  0.000376	  0.035185	  0.963797	
  0.070300	  0.035185	  0.662279	  0.232235	
  0.175104	  0.069993	  0.649710	  0.105193	
  0.000642	  0.696835	  0.035185	  0.267339	

MOTIF 2-AAACCAAACATCA STREME-2

letter-probability matrix: alength= 4 w= 13 nsites= 36 E= 6.0e-001
  0.803646	  0.040113	  0.155508	  0.000732	
  0.984548	  0.000429	  0.014291	  0.000732	
  0.998410	  0.000429	  0.000429	  0.000732	
  0.000732	  0.998107	  0.000429	  0.000732	
  0.040416	  0.694435	  0.079845	  0.185303	
  0.774058	  0.000429	  0.185096	  0.040416	
  0.998410	  0.000429	  0.000429	  0.000732	
  0.918993	  0.079845	  0.000429	  0.000732	
  0.000732	  0.954404	  0.000429	  0.044434	
  0.932939	  0.000429	  0.065900	  0.000732	
  0.000732	  0.058607	  0.000429	  0.940231	
  0.000732	  0.954404	  0.044132	  0.000732	
  0.742967	  0.198994	  0.000429	  0.057610	

MOTIF 1-ATATAAGTA STREME-1

letter-probability matrix: alength= 4 w= 9 nsites= 160 E= 1.8e-001
  0.788026	  0.093575	  0.039293	  0.079107	
  0.001425	  0.031899	  0.086293	  0.880382	
  0.879092	  0.079750	  0.039733	  0.001425	
  0.001425	  0.000836	  0.000836	  0.996904	
  0.905492	  0.053178	  0.000836	  0.040494	
  0.782380	  0.069499	  0.146695	  0.001425	
  0.001425	  0.000836	  0.996314	  0.001425	
  0.001425	  0.000836	  0.000836	  0.996904	
  0.848780	  0.148960	  0.000836	  0.001425	

MOTIF TTTYTTTTTYTTTTT MEME-3

letter-probability matrix: alength= 4 w= 15 nsites= 418 E= 6.0e-044
  0.000000	  0.088517	  0.000000	  0.911483	
  0.002392	  0.064593	  0.000000	  0.933014	
  0.000000	  0.165072	  0.000000	  0.834928	
  0.129187	  0.380383	  0.000000	  0.490431	
  0.102871	  0.000000	  0.086124	  0.811005	
  0.002392	  0.155502	  0.057416	  0.784689	
  0.000000	  0.241627	  0.000000	  0.758373	
  0.000000	  0.100478	  0.000000	  0.899522	
  0.004785	  0.145933	  0.038278	  0.811005	
  0.174641	  0.377990	  0.095694	  0.351675	
  0.000000	  0.098086	  0.009569	  0.892344	
  0.057416	  0.000000	  0.000000	  0.942584	
  0.002392	  0.193780	  0.000000	  0.803828	
  0.000000	  0.000000	  0.088517	  0.911483	
  0.035885	  0.095694	  0.000000	  0.868421	

MOTIF GGRGGGKGKKKGGRG MEME-4

letter-probability matrix: alength= 4 w= 15 nsites= 431 E= 1.9e-026
  0.222738	  0.000000	  0.777262	  0.000000	
  0.085847	  0.150812	  0.552204	  0.211137	
  0.399072	  0.116009	  0.394432	  0.090487	
  0.039443	  0.211137	  0.503480	  0.245940	
  0.218097	  0.109049	  0.598608	  0.074246	
  0.276102	  0.000000	  0.723898	  0.000000	
  0.185615	  0.000000	  0.373550	  0.440835	
  0.109049	  0.009281	  0.865429	  0.016241	
  0.000000	  0.000000	  0.512761	  0.487239	
  0.225058	  0.000000	  0.496520	  0.278422	
  0.018561	  0.000000	  0.624130	  0.357309	
  0.000000	  0.044084	  0.700696	  0.255220	
  0.245940	  0.078886	  0.559165	  0.116009	
  0.464037	  0.000000	  0.440835	  0.095128	
  0.000000	  0.143852	  0.856148	  0.000000	

MOTIF GAGGAGAGAGA MEME-5

letter-probability matrix: alength= 4 w= 11 nsites= 146 E= 6.3e-007
  0.000000	  0.000000	  0.917808	  0.082192	
  1.000000	  0.000000	  0.000000	  0.000000	
  0.000000	  0.000000	  0.856164	  0.143836	
  0.000000	  0.000000	  0.945205	  0.054795	
  1.000000	  0.000000	  0.000000	  0.000000	
  0.068493	  0.006849	  0.924658	  0.000000	
  0.972603	  0.000000	  0.027397	  0.000000	
  0.054795	  0.013699	  0.931507	  0.000000	
  1.000000	  0.000000	  0.000000	  0.000000	
  0.000000	  0.000000	  0.993151	  0.006849	
  0.958904	  0.000000	  0.041096	  0.000000	

MOTIF 3-ATATCTCATATG STREME-3

letter-probability matrix: alength= 4 w= 12 nsites= 24 E= 2.2e+000
  0.997832	  0.000585	  0.000585	  0.000998	
  0.055105	  0.000585	  0.108864	  0.835446	
  0.962673	  0.000585	  0.035743	  0.000998	
  0.000998	  0.000585	  0.000585	  0.997832	
  0.055105	  0.943312	  0.000585	  0.000998	
  0.039314	  0.000585	  0.000585	  0.959516	
  0.000998	  0.997419	  0.000585	  0.000998	
  0.889553	  0.000585	  0.000585	  0.109277	
  0.000998	  0.000585	  0.054692	  0.943725	
  0.943725	  0.000585	  0.000585	  0.055105	
  0.000998	  0.000585	  0.000585	  0.997832	
  0.220576	  0.108864	  0.669562	  0.000998	

