********************************************************************************
XSTREME - Motif Discovery and Enrichment Analysis
********************************************************************************
MEME version 5.5.7 (Wed Jun 19 13:59:04 2024 -0700)

For further information on how to interpret these results please access https://meme-suite.org/meme.
To get a copy of the MEME Suite software please access https://meme-suite.org.

********************************************************************************


********************************************************************************
REFERENCE
********************************************************************************
If you use this program in your research, please cite:

Charles E. Grant and Timothy L. Bailey, "XSTREME: comprehensive motif analysis of biological sequence datasets",
BioRxiv, September 3, 2021.
********************************************************************************


ALPHABET= ACGT

strands: + -

Background letter frequencies (from file `./background'):
A 0.31520 C 0.18480 G 0.18480 T 0.31520 

MOTIF 3-CCGGTTCCAA STREME-3

letter-probability matrix: alength= 4 w= 10 nsites= 28 E= 1.5e+000
  0.009533	  0.988791	  0.000619	  0.001056	
  0.001056	  0.997268	  0.000619	  0.001056	
  0.001056	  0.000619	  0.997268	  0.001056	
  0.001056	  0.000619	  0.997268	  0.001056	
  0.016458	  0.000619	  0.139507	  0.843416	
  0.001056	  0.000619	  0.000619	  0.997705	
  0.035962	  0.962362	  0.000619	  0.001056	
  0.001056	  0.805039	  0.177446	  0.016458	
  0.846673	  0.013428	  0.058527	  0.081372	
  0.879820	  0.000619	  0.118504	  0.001056	

MOTIF 1-AAAAATATCTCT STREME-1

letter-probability matrix: alength= 4 w= 12 nsites= 126 E= 3.0e-002
  0.855852	  0.042545	  0.060112	  0.041491	
  0.785710	  0.018543	  0.091358	  0.104389	
  0.841068	  0.011510	  0.018543	  0.128879	
  0.928081	  0.000139	  0.025576	  0.046204	
  0.845919	  0.042390	  0.000139	  0.111552	
  0.000237	  0.000139	  0.000139	  0.999485	
  0.905740	  0.002685	  0.066620	  0.024955	
  0.018568	  0.040269	  0.078067	  0.863096	
  0.038599	  0.961025	  0.000139	  0.000237	
  0.048192	  0.029509	  0.000139	  0.922159	
  0.061373	  0.740885	  0.086880	  0.110862	
  0.199508	  0.141203	  0.061898	  0.597392	

MOTIF CCCCCCCCCCCCCCC MEME-6

letter-probability matrix: alength= 4 w= 15 nsites= 129 E= 1.7e-008
  0.263566	  0.705426	  0.015504	  0.015504	
  0.186047	  0.751938	  0.054264	  0.007752	
  0.000000	  1.000000	  0.000000	  0.000000	
  0.000000	  0.736434	  0.054264	  0.209302	
  0.000000	  0.666667	  0.007752	  0.325581	
  0.147287	  0.689922	  0.155039	  0.007752	
  0.000000	  0.968992	  0.031008	  0.000000	
  0.178295	  0.682171	  0.000000	  0.139535	
  0.000000	  1.000000	  0.000000	  0.000000	
  0.217054	  0.666667	  0.100775	  0.015504	
  0.000000	  0.930233	  0.069767	  0.000000	
  0.007752	  0.705426	  0.031008	  0.255814	
  0.007752	  0.612403	  0.100775	  0.279070	
  0.000000	  1.000000	  0.000000	  0.000000	
  0.170543	  0.612403	  0.000000	  0.217054	

MOTIF AAAAARAAAAAAAAA MEME-3

letter-probability matrix: alength= 4 w= 15 nsites= 535 E= 4.3e-049
  0.986916	  0.005607	  0.000000	  0.007477	
  0.990654	  0.003738	  0.005607	  0.000000	
  0.996262	  0.000000	  0.000000	  0.003738	
  0.844860	  0.142056	  0.011215	  0.001869	
  0.644860	  0.000000	  0.128972	  0.226168	
  0.491589	  0.000000	  0.342056	  0.166355	
  0.831776	  0.071028	  0.003738	  0.093458	
  0.848598	  0.132710	  0.009346	  0.009346	
  0.934579	  0.003738	  0.054206	  0.007477	
  0.891589	  0.108411	  0.000000	  0.000000	
  0.671028	  0.003738	  0.123364	  0.201869	
  0.659813	  0.007477	  0.213084	  0.119626	
  0.794393	  0.003738	  0.190654	  0.011215	
  0.884112	  0.003738	  0.001869	  0.110280	
  0.757009	  0.054206	  0.069159	  0.119626	

MOTIF 5-AAGGCAATGCAAT STREME-5

letter-probability matrix: alength= 4 w= 13 nsites= 29 E= 5.0e+000
  0.997983	  0.000544	  0.000544	  0.000928	
  0.908920	  0.000544	  0.089607	  0.000928	
  0.045415	  0.089562	  0.792095	  0.072928	
  0.028441	  0.045031	  0.925600	  0.000928	
  0.099001	  0.899526	  0.000544	  0.000928	
  0.997983	  0.000544	  0.000544	  0.000928	
  0.677433	  0.098617	  0.089517	  0.134433	
  0.089946	  0.000544	  0.045031	  0.864479	
  0.000928	  0.000544	  0.997599	  0.000928	
  0.000928	  0.997599	  0.000544	  0.000928	
  0.908920	  0.000544	  0.000544	  0.089992	
  0.997983	  0.000544	  0.000544	  0.000928	
  0.045415	  0.000544	  0.045031	  0.909010	

MOTIF TCTCTYTCTCTCTCY MEME-2

letter-probability matrix: alength= 4 w= 15 nsites= 272 E= 1.2e-052
  0.147059	  0.121324	  0.080882	  0.650735	
  0.000000	  0.665441	  0.117647	  0.216912	
  0.132353	  0.154412	  0.003676	  0.709559	
  0.007353	  0.617647	  0.080882	  0.294118	
  0.000000	  0.000000	  0.000000	  1.000000	
  0.000000	  0.547794	  0.011029	  0.441176	
  0.000000	  0.003676	  0.018382	  0.977941	
  0.003676	  0.922794	  0.000000	  0.073529	
  0.000000	  0.000000	  0.000000	  1.000000	
  0.000000	  0.819853	  0.000000	  0.180147	
  0.000000	  0.000000	  0.000000	  1.000000	
  0.066176	  0.772059	  0.000000	  0.161765	
  0.000000	  0.069853	  0.000000	  0.930147	
  0.000000	  1.000000	  0.000000	  0.000000	
  0.000000	  0.389706	  0.029412	  0.580882	

MOTIF GACYCRAAYTYRACC MEME-7

letter-probability matrix: alength= 4 w= 15 nsites= 166 E= 2.7e-008
  0.000000	  0.156627	  0.813253	  0.030120	
  0.927711	  0.072289	  0.000000	  0.000000	
  0.000000	  0.855422	  0.000000	  0.144578	
  0.000000	  0.560241	  0.072289	  0.367470	
  0.000000	  0.885542	  0.000000	  0.114458	
  0.319277	  0.066265	  0.614458	  0.000000	
  0.897590	  0.000000	  0.102410	  0.000000	
  0.891566	  0.108434	  0.000000	  0.000000	
  0.066265	  0.457831	  0.042169	  0.433735	
  0.042169	  0.289157	  0.042169	  0.626506	
  0.090361	  0.253012	  0.198795	  0.457831	
  0.433735	  0.000000	  0.566265	  0.000000	
  0.831325	  0.168675	  0.000000	  0.000000	
  0.150602	  0.656627	  0.192771	  0.000000	
  0.216867	  0.644578	  0.132530	  0.006024	

MOTIF 4-AAGATCAGCAAA STREME-4

letter-probability matrix: alength= 4 w= 12 nsites= 25 E= 2.6e+000
  0.966303	  0.000621	  0.000621	  0.032455	
  0.997699	  0.000621	  0.000621	  0.001059	
  0.001059	  0.000621	  0.844812	  0.153508	
  0.915538	  0.000621	  0.051386	  0.032455	
  0.052970	  0.016063	  0.102202	  0.828765	
  0.088148	  0.910171	  0.000621	  0.001059	
  0.997699	  0.000621	  0.000621	  0.001059	
  0.001059	  0.000621	  0.997260	  0.001059	
  0.088148	  0.878776	  0.032017	  0.001059	
  0.997699	  0.000621	  0.000621	  0.001059	
  0.946934	  0.051386	  0.000621	  0.001059	
  0.997699	  0.000621	  0.000621	  0.001059	

