********************************************************************************
XSTREME - Motif Discovery and Enrichment Analysis
********************************************************************************
MEME version 5.5.7 (Wed Jun 19 13:59:04 2024 -0700)

For further information on how to interpret these results please access https://meme-suite.org/meme.
To get a copy of the MEME Suite software please access https://meme-suite.org.

********************************************************************************


********************************************************************************
REFERENCE
********************************************************************************
If you use this program in your research, please cite:

Charles E. Grant and Timothy L. Bailey, "XSTREME: comprehensive motif analysis of biological sequence datasets",
BioRxiv, September 3, 2021.
********************************************************************************


ALPHABET= ACGT

strands: + -

Background letter frequencies (from file `./background'):
A 0.31520 C 0.18480 G 0.18480 T 0.31520 

MOTIF 1-AAAAATATCTT STREME-1

letter-probability matrix: alength= 4 w= 11 nsites= 297 E= 3.5e-002
  0.679224	  0.085229	  0.147685	  0.087862	
  0.752002	  0.000160	  0.208679	  0.039159	
  0.723258	  0.021694	  0.000160	  0.254888	
  0.922545	  0.000160	  0.000160	  0.077135	
  0.999407	  0.000160	  0.000160	  0.000273	
  0.000273	  0.000160	  0.000160	  0.999407	
  0.999407	  0.000160	  0.000160	  0.000273	
  0.000273	  0.000160	  0.000160	  0.999407	
  0.000273	  0.999294	  0.000160	  0.000273	
  0.115689	  0.029724	  0.240528	  0.614060	
  0.060373	  0.109078	  0.266762	  0.563786	

MOTIF 2-GCAGGAGA STREME-2

letter-probability matrix: alength= 4 w= 8 nsites= 51 E= 6.0e-002
  0.028654	  0.016800	  0.925891	  0.028654	
  0.028654	  0.925891	  0.016800	  0.028654	
  0.937745	  0.016800	  0.016800	  0.028654	
  0.028654	  0.016800	  0.925891	  0.028654	
  0.028654	  0.016800	  0.925891	  0.028654	
  0.937745	  0.016800	  0.016800	  0.028654	
  0.028654	  0.016800	  0.925891	  0.028654	
  0.937745	  0.016800	  0.016800	  0.028654	

MOTIF 5-AACAGAGAAAATTTT STREME-5

letter-probability matrix: alength= 4 w= 15 nsites= 61 E= 4.2e+000
  0.989040	  0.010581	  0.000140	  0.000239	
  0.984943	  0.000140	  0.000140	  0.014776	
  0.114489	  0.854306	  0.030966	  0.000239	
  0.800058	  0.064551	  0.027233	  0.108158	
  0.079524	  0.010581	  0.855480	  0.054415	
  0.978599	  0.010581	  0.000140	  0.010680	
  0.159542	  0.004237	  0.738980	  0.097241	
  0.857535	  0.010581	  0.048113	  0.083771	
  0.905517	  0.021021	  0.041902	  0.031560	
  0.866243	  0.021021	  0.027233	  0.085503	
  0.827686	  0.068994	  0.030730	  0.072590	
  0.154618	  0.055848	  0.083682	  0.705853	
  0.243424	  0.052351	  0.154078	  0.550147	
  0.193028	  0.021021	  0.104581	  0.681370	
  0.206875	  0.115003	  0.089875	  0.588248	

MOTIF GGGGGGGGGGRGRGG MEME-2

letter-probability matrix: alength= 4 w= 15 nsites= 273 E= 6.2e-048
  0.128205	  0.000000	  0.783883	  0.087912	
  0.000000	  0.000000	  1.000000	  0.000000	
  0.000000	  0.106227	  0.893773	  0.000000	
  0.000000	  0.000000	  0.897436	  0.102564	
  0.278388	  0.000000	  0.721612	  0.000000	
  0.223443	  0.139194	  0.516484	  0.120879	
  0.073260	  0.021978	  0.904762	  0.000000	
  0.000000	  0.000000	  1.000000	  0.000000	
  0.304029	  0.029304	  0.666667	  0.000000	
  0.076923	  0.000000	  0.890110	  0.032967	
  0.344322	  0.000000	  0.611722	  0.043956	
  0.054945	  0.124542	  0.820513	  0.000000	
  0.351648	  0.000000	  0.648352	  0.000000	
  0.095238	  0.000000	  0.750916	  0.153846	
  0.234432	  0.000000	  0.567766	  0.197802	

MOTIF TTTYTTTHTTTTTTT MEME-6

letter-probability matrix: alength= 4 w= 15 nsites= 639 E= 2.2e-011
  0.000000	  0.053208	  0.000000	  0.946792	
  0.048513	  0.004695	  0.000000	  0.946792	
  0.000000	  0.122066	  0.170579	  0.707355	
  0.178404	  0.273865	  0.125196	  0.422535	
  0.001565	  0.169014	  0.000000	  0.829421	
  0.000000	  0.000000	  0.000000	  1.000000	
  0.097027	  0.107981	  0.000000	  0.794992	
  0.223787	  0.233177	  0.097027	  0.446009	
  0.118936	  0.184664	  0.226917	  0.469484	
  0.000000	  0.000000	  0.118936	  0.881064	
  0.006260	  0.136150	  0.053208	  0.804382	
  0.178404	  0.000000	  0.197183	  0.624413	
  0.001565	  0.000000	  0.206573	  0.791862	
  0.000000	  0.170579	  0.000000	  0.829421	
  0.020344	  0.000000	  0.059468	  0.920188	

MOTIF TGTAAGRAGYTGTAA MEME-7

letter-probability matrix: alength= 4 w= 15 nsites= 116 E= 3.3e-009
  0.000000	  0.043103	  0.008621	  0.948276	
  0.172414	  0.000000	  0.827586	  0.000000	
  0.060345	  0.000000	  0.000000	  0.939655	
  0.982759	  0.000000	  0.000000	  0.017241	
  0.948276	  0.008621	  0.034483	  0.008621	
  0.000000	  0.000000	  0.991379	  0.008621	
  0.465517	  0.008621	  0.525862	  0.000000	
  1.000000	  0.000000	  0.000000	  0.000000	
  0.275862	  0.000000	  0.724138	  0.000000	
  0.000000	  0.577586	  0.000000	  0.422414	
  0.000000	  0.000000	  0.008621	  0.991379	
  0.017241	  0.000000	  0.982759	  0.000000	
  0.000000	  0.000000	  0.051724	  0.948276	
  1.000000	  0.000000	  0.000000	  0.000000	
  0.956897	  0.008621	  0.034483	  0.000000	

MOTIF 4-CAATAAACCCAT STREME-4

letter-probability matrix: alength= 4 w= 12 nsites= 22 E= 3.4e+000
  0.001284	  0.884652	  0.056766	  0.057298	
  0.997211	  0.000753	  0.000753	  0.001284	
  0.959798	  0.000753	  0.000753	  0.038697	
  0.001284	  0.000753	  0.000753	  0.997211	
  0.997211	  0.000753	  0.000753	  0.001284	
  0.997211	  0.000753	  0.000753	  0.001284	
  0.829119	  0.112830	  0.000753	  0.057298	
  0.001284	  0.884652	  0.056766	  0.057298	
  0.001284	  0.996679	  0.000753	  0.001284	
  0.076109	  0.865840	  0.056766	  0.001284	
  0.997211	  0.000753	  0.000753	  0.001284	
  0.001284	  0.056766	  0.112830	  0.829119	

