********************************************************************************
XSTREME - Motif Discovery and Enrichment Analysis
********************************************************************************
MEME version 5.5.7 (Wed Jun 19 13:59:04 2024 -0700)

For further information on how to interpret these results please access https://meme-suite.org/meme.
To get a copy of the MEME Suite software please access https://meme-suite.org.

********************************************************************************


********************************************************************************
REFERENCE
********************************************************************************
If you use this program in your research, please cite:

Charles E. Grant and Timothy L. Bailey, "XSTREME: comprehensive motif analysis of biological sequence datasets",
BioRxiv, September 3, 2021.
********************************************************************************


ALPHABET= ACGT

strands: + -

Background letter frequencies (from file `./background'):
A 0.31520 C 0.18480 G 0.18480 T 0.31520 

MOTIF 3-AAACCCTAAACCCC STREME-3

letter-probability matrix: alength= 4 w= 14 nsites= 171 E= 1.0e-001
  0.886513	  0.000157	  0.051248	  0.062082	
  0.992119	  0.000157	  0.000157	  0.007566	
  0.894448	  0.022050	  0.036645	  0.046857	
  0.000268	  0.926323	  0.051248	  0.022161	
  0.000268	  0.895360	  0.044939	  0.059433	
  0.036314	  0.923347	  0.022050	  0.018289	
  0.045003	  0.038422	  0.065891	  0.850685	
  0.908413	  0.014752	  0.032777	  0.044057	
  0.891513	  0.022050	  0.071570	  0.014867	
  0.718569	  0.128333	  0.053433	  0.099666	
  0.259108	  0.644099	  0.007455	  0.089338	
  0.085875	  0.832761	  0.015741	  0.065623	
  0.022161	  0.879105	  0.051244	  0.047490	
  0.030239	  0.856255	  0.014752	  0.098754	

MOTIF 4-CTTTGGTTTCAG STREME-4

letter-probability matrix: alength= 4 w= 12 nsites= 153 E= 1.6e-001
  0.000371	  0.871776	  0.127482	  0.000371	
  0.056915	  0.000217	  0.094689	  0.848178	
  0.000371	  0.022525	  0.030462	  0.946642	
  0.086359	  0.058145	  0.103182	  0.752314	
  0.074095	  0.009274	  0.916260	  0.000371	
  0.000371	  0.113818	  0.811213	  0.074599	
  0.040697	  0.030462	  0.061794	  0.867048	
  0.000371	  0.000217	  0.010299	  0.989113	
  0.000371	  0.000217	  0.191796	  0.807616	
  0.000371	  0.958674	  0.000217	  0.040738	
  0.557541	  0.065444	  0.120594	  0.256421	
  0.000371	  0.052277	  0.804992	  0.142360	

MOTIF 2-AGAAACTAT STREME-2

letter-probability matrix: alength= 4 w= 9 nsites= 125 E= 5.4e-002
  0.937745	  0.016800	  0.016800	  0.028654	
  0.028654	  0.016800	  0.925891	  0.028654	
  0.937745	  0.016800	  0.016800	  0.028654	
  0.937745	  0.016800	  0.016800	  0.028654	
  0.937745	  0.016800	  0.016800	  0.028654	
  0.028654	  0.925891	  0.016800	  0.028654	
  0.028654	  0.016800	  0.016800	  0.937745	
  0.937745	  0.016800	  0.016800	  0.028654	
  0.028654	  0.016800	  0.016800	  0.937745	

MOTIF AAAAAAAAABAAAAA MEME-5

letter-probability matrix: alength= 4 w= 15 nsites= 1034 E= 3.2e-016
  0.702128	  0.169246	  0.128627	  0.000000	
  0.898453	  0.101547	  0.000000	  0.000000	
  1.000000	  0.000000	  0.000000	  0.000000	
  0.876209	  0.123791	  0.000000	  0.000000	
  0.584139	  0.000000	  0.177950	  0.237911	
  0.595745	  0.056093	  0.216634	  0.131528	
  1.000000	  0.000000	  0.000000	  0.000000	
  1.000000	  0.000000	  0.000000	  0.000000	
  1.000000	  0.000000	  0.000000	  0.000000	
  0.190522	  0.204062	  0.213733	  0.391683	
  0.812379	  0.000000	  0.187621	  0.000000	
  0.900387	  0.011605	  0.000000	  0.088008	
  0.849130	  0.058027	  0.000000	  0.092843	
  0.712766	  0.000000	  0.122824	  0.164410	
  0.776596	  0.053191	  0.000000	  0.170213	

MOTIF CCCCCCCCCCCCCCC MEME-2

letter-probability matrix: alength= 4 w= 15 nsites= 808 E= 1.4e-072
  0.003713	  0.801980	  0.059406	  0.134901	
  0.126238	  0.577970	  0.043317	  0.252475	
  0.001238	  0.808168	  0.000000	  0.190594	
  0.000000	  0.779703	  0.044554	  0.175743	
  0.222772	  0.773515	  0.000000	  0.003713	
  0.133663	  0.831683	  0.000000	  0.034653	
  0.179455	  0.642327	  0.000000	  0.178218	
  0.000000	  0.790842	  0.056931	  0.152228	
  0.150990	  0.654703	  0.053218	  0.141089	
  0.000000	  0.998762	  0.000000	  0.001238	
  0.214109	  0.559406	  0.000000	  0.226485	
  0.096535	  0.804455	  0.099010	  0.000000	
  0.004950	  0.877475	  0.117574	  0.000000	
  0.002475	  0.646040	  0.132426	  0.219059	
  0.101485	  0.787129	  0.105198	  0.006188	

MOTIF 5-TAATTTTGATCAAT STREME-5

letter-probability matrix: alength= 4 w= 14 nsites= 157 E= 1.2e+000
  0.030415	  0.000162	  0.007696	  0.961727	
  0.991865	  0.007696	  0.000162	  0.000277	
  0.950657	  0.033837	  0.015229	  0.000277	
  0.011347	  0.040331	  0.007696	  0.940626	
  0.030411	  0.033837	  0.037841	  0.897911	
  0.000277	  0.000162	  0.079037	  0.920523	
  0.022877	  0.052897	  0.052901	  0.871325	
  0.079152	  0.054711	  0.828193	  0.037944	
  0.740273	  0.030296	  0.149473	  0.079957	
  0.096410	  0.088097	  0.018766	  0.796727	
  0.055679	  0.764925	  0.152970	  0.026425	
  0.928053	  0.037833	  0.000162	  0.033951	
  0.763178	  0.052908	  0.037830	  0.146084	
  0.197043	  0.094913	  0.048821	  0.659223	

MOTIF GAGAGAGAGAGAGAG MEME-1

letter-probability matrix: alength= 4 w= 15 nsites= 785 E= 1.2e-092
  0.118471	  0.034395	  0.807643	  0.039490	
  0.876433	  0.017834	  0.098089	  0.007643	
  0.006369	  0.024204	  0.965605	  0.003822	
  0.928662	  0.000000	  0.063694	  0.007643	
  0.000000	  0.000000	  0.979618	  0.020382	
  0.994904	  0.001274	  0.002548	  0.001274	
  0.063694	  0.000000	  0.931210	  0.005096	
  0.955414	  0.000000	  0.042038	  0.002548	
  0.010191	  0.000000	  0.969427	  0.020382	
  0.988535	  0.002548	  0.005096	  0.003822	
  0.071338	  0.006369	  0.918471	  0.003822	
  0.932484	  0.016561	  0.044586	  0.006369	
  0.056051	  0.026752	  0.915924	  0.001274	
  0.951592	  0.039490	  0.005096	  0.003822	
  0.000000	  0.036943	  0.963057	  0.000000	

