********************************************************************************
XSTREME - Motif Discovery and Enrichment Analysis
********************************************************************************
MEME version 5.5.7 (Wed Jun 19 13:59:04 2024 -0700)

For further information on how to interpret these results please access https://meme-suite.org/meme.
To get a copy of the MEME Suite software please access https://meme-suite.org.

********************************************************************************


********************************************************************************
REFERENCE
********************************************************************************
If you use this program in your research, please cite:

Charles E. Grant and Timothy L. Bailey, "XSTREME: comprehensive motif analysis of biological sequence datasets",
BioRxiv, September 3, 2021.
********************************************************************************


ALPHABET= ACGT

strands: + -

Background letter frequencies (from file `./background'):
A 0.31520 C 0.18480 G 0.18480 T 0.31520 

MOTIF 2-AAGCTCCTGAAT STREME-2

letter-probability matrix: alength= 4 w= 12 nsites= 21 E= 7.9e-001
  0.901627	  0.000461	  0.048793	  0.049119	
  0.949959	  0.048793	  0.000461	  0.000786	
  0.000786	  0.000461	  0.997966	  0.000786	
  0.000786	  0.901302	  0.048793	  0.049119	
  0.000786	  0.000461	  0.048793	  0.949959	
  0.094184	  0.904569	  0.000461	  0.000786	
  0.157408	  0.736613	  0.072293	  0.033686	
  0.000786	  0.000461	  0.000461	  0.998292	
  0.000786	  0.000461	  0.985524	  0.013229	
  0.998292	  0.000461	  0.000461	  0.000786	
  0.998292	  0.000461	  0.000461	  0.000786	
  0.049119	  0.000461	  0.000461	  0.949959	

MOTIF TCGGDTCGGRTHCGG MEME-8

letter-probability matrix: alength= 4 w= 15 nsites= 87 E= 8.2e-003
  0.011494	  0.000000	  0.000000	  0.988506	
  0.000000	  0.678161	  0.183908	  0.137931	
  0.137931	  0.000000	  0.862069	  0.000000	
  0.000000	  0.034483	  0.965517	  0.000000	
  0.241379	  0.000000	  0.356322	  0.402299	
  0.000000	  0.000000	  0.241379	  0.758621	
  0.000000	  0.724138	  0.000000	  0.275862	
  0.160920	  0.000000	  0.724138	  0.114943	
  0.241379	  0.000000	  0.758621	  0.000000	
  0.390805	  0.000000	  0.574713	  0.034483	
  0.126437	  0.000000	  0.000000	  0.873563	
  0.390805	  0.229885	  0.000000	  0.379310	
  0.000000	  0.540230	  0.206897	  0.252874	
  0.126437	  0.000000	  0.850575	  0.022989	
  0.183908	  0.045977	  0.770115	  0.000000	

MOTIF AAAAAAAAARAARAA MEME-2

letter-probability matrix: alength= 4 w= 15 nsites= 328 E= 1.2e-044
  0.817073	  0.179878	  0.003049	  0.000000	
  0.780488	  0.076220	  0.143293	  0.000000	
  0.734756	  0.121951	  0.143293	  0.000000	
  0.862805	  0.000000	  0.137195	  0.000000	
  0.850610	  0.057927	  0.085366	  0.006098	
  0.734756	  0.000000	  0.185976	  0.079268	
  0.780488	  0.000000	  0.219512	  0.000000	
  0.850610	  0.091463	  0.000000	  0.057927	
  0.814024	  0.003049	  0.097561	  0.085366	
  0.396341	  0.003049	  0.600610	  0.000000	
  0.960366	  0.039634	  0.000000	  0.000000	
  0.875000	  0.000000	  0.125000	  0.000000	
  0.500000	  0.000000	  0.454268	  0.045732	
  0.990854	  0.006098	  0.003049	  0.000000	
  0.789634	  0.000000	  0.210366	  0.000000	

MOTIF 1-AGAACTTTTAWTA STREME-1

letter-probability matrix: alength= 4 w= 13 nsites= 34 E= 7.9e-001
  0.966549	  0.032617	  0.000308	  0.000526	
  0.000526	  0.000308	  0.998641	  0.000526	
  0.998858	  0.000308	  0.000308	  0.000526	
  0.901884	  0.097282	  0.000308	  0.000526	
  0.032835	  0.966332	  0.000308	  0.000526	
  0.000526	  0.194873	  0.000308	  0.804293	
  0.000526	  0.000308	  0.151584	  0.847583	
  0.048544	  0.097282	  0.000308	  0.853866	
  0.000526	  0.000308	  0.064926	  0.934240	
  0.837219	  0.000308	  0.161947	  0.000526	
  0.475765	  0.119227	  0.000308	  0.404700	
  0.032835	  0.064926	  0.000308	  0.901931	
  0.976865	  0.000308	  0.000308	  0.022518	

MOTIF AGAGAGAGAGAGAGA MEME-7

letter-probability matrix: alength= 4 w= 15 nsites= 49 E= 2.6e-008
  0.836735	  0.000000	  0.163265	  0.000000	
  0.000000	  0.000000	  1.000000	  0.000000	
  0.918367	  0.000000	  0.081633	  0.000000	
  0.224490	  0.040816	  0.734694	  0.000000	
  0.714286	  0.163265	  0.122449	  0.000000	
  0.000000	  0.000000	  1.000000	  0.000000	
  0.979592	  0.020408	  0.000000	  0.000000	
  0.061224	  0.000000	  0.938776	  0.000000	
  1.000000	  0.000000	  0.000000	  0.000000	
  0.000000	  0.000000	  0.734694	  0.265306	
  1.000000	  0.000000	  0.000000	  0.000000	
  0.061224	  0.000000	  0.938776	  0.000000	
  0.653061	  0.183673	  0.000000	  0.163265	
  0.000000	  0.142857	  0.857143	  0.000000	
  0.795918	  0.000000	  0.081633	  0.122449	

MOTIF GGKGGRGDRGGGRGR MEME-3

letter-probability matrix: alength= 4 w= 15 nsites= 335 E= 7.0e-046
  0.241791	  0.077612	  0.680597	  0.000000	
  0.143284	  0.050746	  0.573134	  0.232836	
  0.202985	  0.122388	  0.408955	  0.265672	
  0.000000	  0.086567	  0.820896	  0.092537	
  0.000000	  0.000000	  0.841791	  0.158209	
  0.283582	  0.116418	  0.516418	  0.083582	
  0.002985	  0.086567	  0.910448	  0.000000	
  0.313433	  0.017910	  0.423881	  0.244776	
  0.292537	  0.068657	  0.516418	  0.122388	
  0.000000	  0.000000	  0.713433	  0.286567	
  0.271642	  0.059701	  0.668657	  0.000000	
  0.265672	  0.000000	  0.600000	  0.134328	
  0.325373	  0.074627	  0.516418	  0.083582	
  0.000000	  0.050746	  0.949254	  0.000000	
  0.462687	  0.000000	  0.489552	  0.047761	

